0.33674970269203186 0.3372546136379242 0.32599568367004395 Chromosomes
0.3377288579940796 0.33923712372779846 0.32303404808044434 Chromosomes
0.3447119891643524 0.336842805147171 0.3184452950954437 Phages
0.33761700987815857 0.33938702940940857 0.32299599051475525 Chromosomes
0.3405357003211975 0.34291669726371765 0.31654760241508484 Chromosomes
0.33731216192245483 0.34230875968933105 0.3203790783882141 Chromosomes
0.3418087065219879 0.33875179290771484 0.31943950057029724 Phages
0.3434227705001831 0.3398374617099762 0.3167397677898407 Phages
0.3365029990673065 0.3447452187538147 0.31875181198120117 Chromosomes
0.33640921115875244 0.3420542776584625 0.3215365409851074 Chromosomes
0.3403435945510864 0.33621612191200256 0.3234403133392334 Phages
0.33977562189102173 0.3385849893093109 0.32163941860198975 Phages
0.3382425308227539 0.34040331840515137 0.3213541805744171 Chromosomes
0.33701303601264954 0.34179627895355225 0.321190744638443 Chromosomes
0.33852913975715637 0.34054815769195557 0.32092276215553284 Chromosomes
0.33905157446861267 0.34116244316101074 0.3197859227657318 Chromosomes
0.33985278010368347 0.34037214517593384 0.3197750449180603 Chromosomes
0.3374726176261902 0.34029290080070496 0.32223454117774963 Chromosomes
0.34114715456962585 0.3381687104701996 0.32068413496017456 Phages
0.34131601452827454 0.3385011851787567 0.320182740688324 Phages
0.3393135368824005 0.34117504954338074 0.31951141357421875 Chromosomes
0.3376738429069519 0.33912548422813416 0.32320064306259155 Chromosomes
0.33969148993492126 0.3374594449996948 0.3228490948677063 Phages
0.33970773220062256 0.3393932282924652 0.320899099111557 Phages
0.3383732736110687 0.34197530150413513 0.31965136528015137 Chromosomes
0.3406325876712799 0.33980652689933777 0.3195609152317047 Phages
0.3372654914855957 0.3408505618572235 0.321883887052536 Chromosomes
0.3403034210205078 0.33976858854293823 0.31992802023887634 Phages
0.3411247432231903 0.33769047260284424 0.32118475437164307 Phages
0.33993732929229736 0.34063050150871277 0.3194320797920227 Chromosomes
0.3385767936706543 0.3410966396331787 0.3203265964984894 Chromosomes
0.33855965733528137 0.34211665391921997 0.3193236291408539 Chromosomes
0.3391212522983551 0.3398718535900116 0.3210069239139557 Chromosomes
0.34005191922187805 0.3388790786266327 0.32106900215148926 Phages
0.34179675579071045 0.339712530374527 0.3184906840324402 Phages
0.339225709438324 0.34009405970573425 0.3206802308559418 Chromosomes
0.3394627350654786 0.33979334898456287 0.3207439255070903 Chromosomes
0.3385938256176413 0.3406195534088881 0.3207866370249908 Chromosomes
0.33922950100390015 0.3403331972621291 0.32043729661256354 Chromosomes
0.3404996305783168 0.34016718741120966 0.3193332036705169 Phages
0.33919162681800574 0.339500479739985 0.3213078934420092 Chromosomes
0.34009453654289246 0.3383186459541321 0.3215867777665456 Phages
0.33873138676267406 0.3401194464322055 0.3211491673689328 Chromosomes
0.33906436856823335 0.3395302211409148 0.32140545970085954 Chromosomes
0.33886051685972646 0.34082607654007996 0.3203134275972843 Chromosomes
0.3399168463279011 0.33996933154831493 0.3201138211014932 Chromosomes
0.33892485279161855 0.3403511956436964 0.32072395080238447 Chromosomes
0.33930730322996777 0.34064839283625287 0.32004430890083313 Chromosomes
0.33953004309189183 0.3396894276645506 0.32078053297234355 Chromosomes
0.33916558886503245 0.3402018477390339 0.32063256223480424 Chromosomes
0.33987157188889866 0.33940985109487026 0.32071855617949374 Phages
0.338905593979632 0.339950170245539 0.32114423731130043 Chromosomes
0.3387571042026284 0.33977368874336356 0.32146920705400805 Chromosomes
0.33977019552291204 0.3396868697336538 0.32054293711436316 Phages
0.3402471115649975 0.33915530749111344 0.32059759670782606 Phages
0.33876782604379213 0.339987380009614 0.32124480872616806 Chromosomes
0.3395628487722595 0.3399701186171016 0.3204670379997004 Chromosomes
0.3383337059085738 0.3410083773989041 0.3206579676062889 Chromosomes
0.33996448970176807 0.3382676281559635 0.3217678804632644 Phages
0.33912439211722345 0.3400915688084018 0.3207840544562186 Chromosomes
0.3394749706249784 0.3400508866227465 0.3204741206268416 Chromosomes
0.33800156304921397 0.3403344618353787 0.3216639864470197 Chromosomes
0.3394041258388999 0.3404755456361181 0.32012034447462573 Chromosomes
0.33936156926890715 0.3403640950685934 0.3202743246720917 Chromosomes
0.33930298772480383 0.33936739999075727 0.321329589111395 Chromosomes
0.33834045186066847 0.34003279465429415 0.3216267534850374 Chromosomes
0.3397381689974332 0.34034174824624475 0.3199200836004367 Chromosomes
0.33968457055353546 0.3402977567934134 0.3200176441061217 Chromosomes
0.33930196999965256 0.33947019401669876 0.32122786910884205 Chromosomes
0.3389999881799042 0.33977666014267993 0.3212233398978418 Chromosomes
0.3395144938260089 0.34044316760703913 0.3200423291831032 Chromosomes
0.33907496449787256 0.34026036221865624 0.32066465842109493 Chromosomes
0.3385422718942613 0.34087957237761574 0.32057814294199966 Chromosomes
0.33943326938495794 0.34063519929268654 0.3199315431099757 Chromosomes
0.33887824416160583 0.3398463726043701 0.32127539316813153 Chromosomes
0.3397898465371075 0.3405909846807922 0.31961914727280594 Chromosomes
0.3405926269896398 0.339521285921422 0.31988607166230737 Phages
0.3397448431506171 0.34039667930364015 0.31985849523603527 Chromosomes
0.33924532352491865 0.34088568424069604 0.31986901094747144 Chromosomes
0.3407687231058273 0.33942657545655436 0.3198047377634557 Phages
0.33947183964386024 0.3403069062461011 0.3202212466280701 Chromosomes
0.3390352746293554 0.33989098222821285 0.3210737260734738 Chromosomes
0.3384943940888153 0.34022938967482447 0.3212762083743979 Chromosomes
0.3385877369380579 0.3398989991443913 0.3215132341152284 Chromosomes
0.33798677320727505 0.340283525314102 0.321729683393775 Chromosomes
0.33871933493154377 0.34134912056033134 0.3199315043673638 Chromosomes
0.33976789763081855 0.340061293775345 0.3201708130600494 Chromosomes
0.33905572071671486 0.34057721495628357 0.32036707177758217 Chromosomes
0.3404253985547372 0.33968848893545334 0.3198861220843112 Phages
0.3386746607730333 0.3409501371204049 0.32037522941334734 Chromosomes
0.33968497325326796 0.33959448309702295 0.3207205352939178 Phages
0.3397088820188581 0.3394699546996717 0.3208211571109452 Phages
0.33981576561927795 0.34015437037400575 0.32002984635207965 Chromosomes
0.3387339860200882 0.34105852246284485 0.320207417011261 Chromosomes
0.33949923515319824 0.3398142457008362 0.320686474442482 Chromosomes
0.3382900750125275 0.34180314967934067 0.31990682158886635 Chromosomes
0.33946781754493716 0.3394070029258728 0.32112517952919006 Phages
0.33729469561200676 0.33984648339467155 0.322858788257788 Chromosomes
0.3394427208287303 0.3399443363218581 0.32061294975366905 Chromosomes
0.33907629508490955 0.3401091164405193 0.3208146054263509 Chromosomes
0.3392645553412529 0.33974914467876965 0.32098629526504185 Chromosomes
0.3399216105695403 0.3401575301262043 0.3199208487888814 Chromosomes
0.3394934570563902 0.3395041796355798 0.3210023883563836 Chromosomes
0.3371918012135243 0.34070232210001394 0.3221059244329823 Chromosomes
0.3397676646709442 0.34004701177279156 0.3201853235562642 Chromosomes
0.3386487986266449 0.3404582907181469 0.32089290655020514 Chromosomes
0.3393267729705273 0.34055567583853086 0.32011753701811896 Chromosomes
0.338969759093035 0.339446642254823 0.3215836284544644 Chromosomes
0.33987822162392006 0.3396327573129788 0.3204890271298908 Phages
0.33911229868902076 0.3405211409311774 0.3203665901821242 Chromosomes
0.3381138190814142 0.3396897643929246 0.3221964165256612 Chromosomes
0.3392156801812136 0.3402687723258486 0.3205155383496655 Chromosomes
0.3392250371770096 0.3419665055325219 0.3188084351188709 Chromosomes
0.3396566109611703 0.3400221857403373 0.32032117349617 Chromosomes
0.339107588119438 0.3398204049974856 0.32107199911451306 Chromosomes
0.33920244572084296 0.3394393206885685 0.3213582248955572 Chromosomes
0.33850238023696166 0.3407913621793635 0.3207062642796901 Chromosomes
0.33927744522369657 0.3405390739764163 0.3201834569223022 Chromosomes
0.3393363995211465 0.34061317784445627 0.32005037154470173 Chromosomes
0.3393918335343127 0.33963328811704946 0.32097490955885083 Chromosomes
0.3387959985562102 0.34032778410593273 0.3208762471401795 Chromosomes
0.338130817908978 0.3406819925505292 0.32118718580820443 Chromosomes
0.3387917736276385 0.33996876994650865 0.32123944591826303 Chromosomes
0.34059419831459553 0.3400703061744813 0.31933548899671893 Phages
0.33887031938911233 0.340173294736289 0.3209563869240775 Chromosomes
0.3395190378051121 0.34019567878554297 0.320285263289368 Chromosomes
0.3393464390270755 0.3400879117174608 0.32056564098188844 Chromosomes
0.338902752382964 0.34034721134445084 0.32075003119108314 Chromosomes
0.33872822331881647 0.3403017650284498 0.3209700166918752 Chromosomes
0.33925543340829933 0.3404412061283757 0.3203033367919013 Chromosomes
0.3394872325993933 0.3391254983120188 0.32138725162251486 Phages
0.3388940170407295 0.3407932072877884 0.3203127756714821 Chromosomes
0.337639834579101 0.3408311417780046 0.3215290018724594 Chromosomes
0.338277997374001 0.34076210680345176 0.32095987226350453 Chromosomes
0.33889153987825876 0.3410050754032022 0.3201033855221531 Chromosomes
0.3398416234478592 0.33985161111311846 0.32030676272110115 Chromosomes
0.3391620393556929 0.3394919514934894 0.32134603014863966 Chromosomes
0.3400303040231977 0.33987410153661457 0.3200955774102892 Phages
0.3403274460938955 0.33988982207041063 0.31978275567655823 Phages
0.3407055379762082 0.3397676522808138 0.3195268288410841 Phages
0.33869647257417923 0.34040322792808286 0.32090028221560124 Chromosomes
0.34000268944531686 0.3398480534827269 0.32014925829872304 Phages
0.33956356882398336 0.3398366417563826 0.3205997934863598 Chromosomes
0.3394118508884123 0.34011185440150177 0.32047628835364655 Chromosomes
0.33823075311210493 0.3403692672653836 0.32139997039443935 Chromosomes
0.33892172029717865 0.3409394963118556 0.3201388022877064 Chromosomes
0.3389611018546869 0.340060286247637 0.3209785872768644 Chromosomes
0.3392552690846579 0.34026782853262766 0.32047692367008757 Chromosomes
0.33926371285463447 0.33989506390629215 0.3208412344934907 Chromosomes
0.33778197218462364 0.3415131756325358 0.32070487276794984 Chromosomes
0.3385274495397295 0.3404902858393533 0.3209822305611202 Chromosomes
0.34049997988791103 0.34121859228456175 0.31828145668988767 Chromosomes
0.3396405451303188 0.3399605241088423 0.32039888286451856 Chromosomes
0.33896568417549133 0.34094057480494183 0.32009372115135193 Chromosomes
0.3373516726967515 0.3417628610765697 0.3208855416206335 Chromosomes
0.3383798929187517 0.34051700086819636 0.32110311910384937 Chromosomes
0.3408354751291635 0.3386903834571138 0.320474134213679 Phages
0.33892298800825854 0.34015245567005065 0.3209245529488863 Chromosomes
0.33956045292646314 0.34028246342879004 0.3201570599372315 Chromosomes
0.3396373751189594 0.3396085833567749 0.32075404119787126 Phages
0.33898454398885103 0.3400197773633881 0.32099566788879974 Chromosomes
0.337673862607834 0.34054644527243516 0.3217796869050928 Chromosomes
0.3389500538280322 0.34056929427860555 0.32048064069613746 Chromosomes
0.3387791928757638 0.3408336513405284 0.32038713191232937 Chromosomes
0.3381873206658797 0.3416703145999413 0.320142364734179 Chromosomes
0.3387835873178689 0.34047047368972655 0.32074594006959695 Chromosomes
0.3392134641598105 0.34011526283296983 0.3206712691160669 Chromosomes
0.3393528397728062 0.33976128172574555 0.3208858848742719 Chromosomes
0.3405374461332483 0.33990964764276665 0.3195528795751125 Phages
0.3388273280290574 0.3410801567577846 0.32009249997062766 Chromosomes
0.3394995741726468 0.34060620546110143 0.3198942482644568 Chromosomes
0.33994789164424116 0.34039977829037144 0.31965233073068283 Chromosomes
0.33945916016333777 0.3396492971465016 0.32089152949465827 Chromosomes
0.33907560770782774 0.33999674577749894 0.3209276448854727 Chromosomes
0.33893490185688924 0.3404539674425399 0.32061113311594736 Chromosomes
0.33853742988428215 0.34079660756796737 0.32066596062502006 Chromosomes
0.339057733306247 0.34058366097150655 0.32035860729810794 Chromosomes
0.340535888991018 0.3401026038203652 0.3193615215031181 Phages
0.3405415551729262 0.3394169190215878 0.3200415310239678 Phages
0.3393626573887785 0.34019657237513107 0.32044074870780553 Chromosomes
0.33884240958229445 0.3389844420193761 0.3221731403451715 Chromosomes
0.33860947569255534 0.34092867461231824 0.3204618379785666 Chromosomes
0.3396521707375844 0.341080238421758 0.3192676206429799 Chromosomes
0.33925455716126773 0.33947721938374 0.3212682389650384 Chromosomes
0.34017897850797013 0.33940172196109825 0.32041930214078723 Phages
0.33887253458439365 0.3404260653610529 0.32070141349622966 Chromosomes
0.33836396441117295 0.3414052124379918 0.32023079334851284 Chromosomes
0.3386468651562438 0.34065865200824114 0.32069447132606727 Chromosomes
0.33917313219899553 0.340095167650896 0.32073169263267326 Chromosomes
0.33899555174080104 0.339714468676151 0.3212899611723469 Chromosomes
0.33971670204691756 0.33946658838818206 0.32081672754530904 Phages
0.33964157597462935 0.3405060465622665 0.31985237746310413 Chromosomes
0.33955865667081553 0.34135777421608865 0.3190835444661028 Chromosomes
0.3398469074776298 0.33902988216087176 0.32112322226397394 Phages
0.3392759083319612 0.33995171937730123 0.32077239158315 Chromosomes
0.3389966673400986 0.3396077506752857 0.3213955793514788 Chromosomes
0.3391708356273966 0.34062135063666454 0.32020782440960766 Chromosomes
0.3391683300336202 0.33988288044929504 0.3209487994511922 Chromosomes
0.3392156529528414 0.33993440838141814 0.3208499552397188 Chromosomes
0.3393118612191978 0.33985709718295504 0.32083101179552476 Chromosomes
0.33920144064216323 0.33990283681515077 0.3208957040446928 Chromosomes
0.3385142281732924 0.34174665206117055 0.3197391225340588 Chromosomes
0.34030974990535806 0.3392143976905788 0.3204758524040631 Phages
0.3393632814663421 0.3397925945990155 0.3208441401144585 Chromosomes
0.33964769129526523 0.3397124282156346 0.32063985802974065 Chromosomes
0.3385619756422545 0.3403918389710707 0.3210461953986532 Chromosomes
0.3390070823105899 0.339848962002423 0.32114398750391876 Chromosomes
0.33939897308555345 0.3401850209757558 0.32041600593869074 Chromosomes
0.3398366093517841 0.34032984838193775 0.31983353600759423 Chromosomes
0.3390647890119917 0.34003155643521404 0.32090361843484755 Chromosomes
0.338354646025081 0.3396411463945537 0.3220042039587068 Chromosomes
0.3406604209416349 0.3394201267772997 0.31991943213301643 Phages
0.338699867328008 0.33932891488075256 0.32197121779123944 Chromosomes
0.3396851271390915 0.33919622749090195 0.32111865282058716 Phages
0.33922853640147616 0.3407833959375109 0.3199880676610129 Chromosomes
0.3387134363943873 0.3402459700004683 0.32104060532109446 Chromosomes
0.33979686892925004 0.3397002965878487 0.3205028260123932 Phages
0.3397090589185977 0.33951938231699935 0.320771536609974 Phages
0.3394416314662056 0.33970442779210147 0.32085394074169293 Chromosomes
0.33926577880003744 0.33946055647368745 0.3212736441153232 Chromosomes
0.34002960673444604 0.34056102852474257 0.31940934733460224 Chromosomes
0.3387822141515544 0.34082978072618003 0.3203879944139549 Chromosomes
0.33987633529417416 0.3398535827404698 0.3202701073959603 Phages
0.3398835909854197 0.3396309019541578 0.3204855207973084 Phages
0.33951677238549677 0.3402216218470987 0.320261624566831 Chromosomes
0.3393063282318346 0.3407281243729087 0.3199655355103426 Chromosomes
0.3399374431571731 0.3397084028598641 0.3203541539829628 Phages
0.33923704455264403 0.3397612392486165 0.32100172660397275 Chromosomes
0.33974574121266155 0.33890362975506144 0.3213506204478644 Phages
0.3387371151347337 0.341200052576139 0.32006285720901273 Chromosomes
0.338891797319478 0.3395775213705755 0.3215306800051406 Chromosomes
0.3386683726139103 0.3399302611361025 0.3214013662499872 Chromosomes
0.3387510786796438 0.34014804044674185 0.3211009281462637 Chromosomes
0.33866736783842877 0.34026263848420013 0.3210699984666707 Chromosomes
0.3387684707841562 0.3410889283301808 0.32014260788579696 Chromosomes
0.33812419091587637 0.34029592462440034 0.32157986777931896 Chromosomes
0.3390283672085415 0.340081848263818 0.3208898054195911 Chromosomes
0.33910716169742294 0.3395167724438267 0.32137607372216 Chromosomes
0.33872146493806615 0.3403845683639757 0.32089395253989955 Chromosomes
0.3400942421154498 0.3390092440178058 0.320896484064422 Phages
0.34003140519656455 0.33938755944641424 0.3205810175636937 Phages
0.33896486009595683 0.33970474277323703 0.3213303927625654 Chromosomes
0.33853891694780197 0.34073048784945625 0.3207305681507093 Chromosomes
0.3399856568768967 0.34026249827340593 0.31975185385970184 Chromosomes
0.3398470521440083 0.33958264570634605 0.32057033841043475 Phages
0.3393584073814927 0.34025079906643063 0.3203907891768886 Chromosomes
0.3392357468695215 0.3394560828331559 0.32130815672621965 Chromosomes
0.3386223040877848 0.34037583033458174 0.32100185420331484 Chromosomes
0.339292859179633 0.34055864793913704 0.3201485051427569 Chromosomes
0.33955296874046326 0.3392794281244278 0.32116757333278656 Phages
0.338938121981633 0.34027338584365746 0.3207885143549546 Chromosomes
0.3406982225263848 0.33978346158533024 0.31951828608596256 Phages
0.33856936184698166 0.3404518094320791 0.3209788051501532 Chromosomes
0.3384847716649887 0.33985061727906346 0.3216646232180927 Chromosomes
0.33888339034577436 0.33958828237907 0.32152833422800986 Chromosomes
0.338837657056903 0.33994996181860054 0.3212123729947427 Chromosomes
0.3397586731438709 0.3400635822170277 0.3201777325366354 Chromosomes
0.3400099668083328 0.3402653456376314 0.31972466005243133 Chromosomes
0.3392582438712896 0.3390668137254977 0.3216749154992134 Phages
0.34026783262822113 0.33991055150902316 0.3198216158627557 Phages
0.33859166545297864 0.3420774632227999 0.31933083448382 Chromosomes
0.3389261235213603 0.34082032821955366 0.3202535636641202 Chromosomes
0.3391551022281161 0.34028582525934703 0.3205590799328084 Chromosomes
0.33873118115326567 0.33992924530418583 0.3213395539203533 Chromosomes
0.3388090915878081 0.3401539951323185 0.32103693708977177 Chromosomes
0.3393162255689111 0.33990831657444487 0.3207754315669208 Chromosomes
0.339522277542029 0.3398773894858108 0.3206003289040466 Chromosomes
0.33989028115505426 0.3385847282899989 0.3215249949984808 Phages
0.3385406069301331 0.3411400625631956 0.32031935962353414 Chromosomes
0.3387695206386597 0.34096543971273197 0.320265030285661 Chromosomes
0.338666291439273 0.33948714215682857 0.3218465827794001 Chromosomes
0.33903182358857886 0.3400062277423656 0.3209619408228082 Chromosomes
0.33877092075871895 0.3401043265356187 0.3211247445649966 Chromosomes
0.33845201864877633 0.34017447561908337 0.32137351031387956 Chromosomes
0.33972475181692696 0.340139614443252 0.32013564514663984 Chromosomes
0.339179230538028 0.3400880964527353 0.3207326519210436 Chromosomes
0.33833444373573124 0.34051452823747547 0.3211509684221485 Chromosomes
0.3385707593140924 0.3407889429780561 0.3206402898522146 Chromosomes
0.3397523008987879 0.34006391875835246 0.32018376746659494 Chromosomes
0.3384155523119949 0.3407130396272254 0.32087140641813205 Chromosomes
0.33903385959430826 0.33951941646626543 0.3214467077620498 Chromosomes
0.33893559500575066 0.34044698998332024 0.3206174150109291 Chromosomes
0.3380545299632268 0.34071524232574013 0.32123021868894713 Chromosomes
0.33855125308036804 0.3409290611743927 0.32051968574523926 Chromosomes
0.33915235380832076 0.3400815373711248 0.3207660872865 Chromosomes
0.33985090255737305 0.34010717433852117 0.32004194162987376 Chromosomes
0.3396885791144813 0.3400775011355123 0.3202339267007078 Chromosomes
0.3399624406646041 0.3397175426042458 0.3203200117986698 Phages
0.3384927127566266 0.3402018635445946 0.32130541607913743 Chromosomes
0.33835911808081665 0.3405263156035033 0.3211145925561703 Chromosomes
0.3391696612040202 0.3404668867588043 0.32036347687244415 Chromosomes
0.3380616447953746 0.3408478857926139 0.3210904865732963 Chromosomes
0.3395360493337364 0.339460459639026 0.3210034860580158 Phages
0.33891572561893857 0.34023997142194723 0.3208443066625681 Chromosomes
0.33904583430431595 0.340431748199097 0.3205224126421453 Chromosomes
0.33779154916178006 0.3406816704334619 0.32152675060243563 Chromosomes
0.3388510820771893 0.34001133389485255 0.32113762436626114 Chromosomes
0.33856153016043183 0.34060792403646034 0.32083051157469794 Chromosomes
0.3397001626197285 0.33976486442299747 0.3205349776805032 Chromosomes
0.3389894005557268 0.3392643250002632 0.3217462822519985 Chromosomes
