2.6895721205733025e-09
0.0012308270670473576
2.6895721205733025e-09
2.6895721205733025e-09
2.6895721205733025e-09
0.0612357035279274
2.6895721205733025e-09
3.027624817519836e-09
2.6895721205733025e-09
2.6895721205733025e-09
2.6895721205733025e-09
2.6895721205733025e-09
3.126340016024187e-05
0.0005486482405103743
2.6895721205733025e-09
2.6895721205733025e-09
2.6895721205733025e-09
2.6895721205733025e-09
0.23240059614181519
2.6895721205733025e-09
2.6895721205733025e-09
2.6895721205733025e-09
2.6895721205733025e-09
2.6895721205733025e-09
2.4944808956206543e-06
0.006236764136701822
0.00038311886601150036
0.005687815137207508
0.007595748640596867
4.5580941332445946e-06
0.0036034793592989445
0.0001448770344723016
0.49881380796432495
0.004090782254934311
0.015575608238577843
0.00029961124528199434
0.124960757791996
8.34964303066954e-05
0.0036034793592989445
0.02228410542011261
1.050758237397531e-05
0.0062971413135528564
0.0066273631528019905
0.002676457166671753
2.7366344511392526e-05
0.006162365898489952
0.5814887285232544
0.002264054724946618
0.0037693276535719633
0.006162365898489952
0.000532649050001055
0.006162365898489952
0.0036034793592989445
0.00039798987563699484
0.0005207724752835929
0.000532649050001055
0.0037693276535719633
0.006162365898489952
0.002264054724946618
0.005164153873920441
0.006162365898489952
0.0036034793592989445
0.015677286311984062
0.0004356637946330011
0.006162365898489952
0.0020494721829891205
0.0037693276535719633
0.006162365898489952
0.0037693276535719633
3.073268089792691e-05
0.00018682770314626396
0.00034862844040617347
0.004090782254934311
0.00045881065307185054
2.7366344511392526e-05
0.00018276076298207045
0.0036034793592989445
0.006162365898489952
0.006162365898489952
0.0044738720171153545
0.0037693276535719633
0.0008382757077924907
0.0004356637946330011
0.0004356637946330011
0.0004356637946330011
0.0020494721829891205
0.002264054724946618
0.0044738720171153545
0.4974418580532074
8.621634333394468e-05
0.0037693276535719633
0.0004898140905424953
0.0002995182585436851
0.0004356637946330011
0.0022287648171186447
0.0013387745711952448
0.0036034793592989445
0.003091459395363927
0.0018157368758693337
0.0044738720171153545
0.5229331254959106
0.0005207724752835929
9.611954737920314e-05
4.7595181968063116e-05
0.0024377075023949146
0.00010286610631737858
2.5103256575675914e-06
0.2547103464603424
1.7056077922461554e-05
1.7056077922461554e-05
1.7056077922461554e-05
0.002264054724946618
0.0003482914180494845
0.000181755080120638
0.0002016644284594804
0.000181755080120638
0.0016761996084824204
0.0009442067239433527
0.0036034793592989445
0.004090782254934311
1.7056077922461554e-05
1.7056077922461554e-05
0.00011492901103338227
0.00042639425373636186
2.0369183403090574e-05
1.7056077922461554e-05
0.006162365898489952
1.9161943782819435e-05
0.006162365898489952
0.0036034793592989445
0.004930427297949791
0.005906728561967611
0.006162365898489952
0.00036229510442353785
0.00036229510442353785
0.00036229510442353785
0.00036229510442353785
0.00036229510442353785
0.00036229510442353785
0.00036229510442353785
0.00036229510442353785
0.00036229510442353785
0.00036229510442353785
0.00036229510442353785
0.00036229510442353785
0.00036229510442353785
0.00036229510442353785
0.00036229510442353785
0.00036229510442353785
0.00036229510442353785
5.879460150026716e-05
6.652444426435977e-07
0.14913591742515564
0.11928995698690414
0.22203274071216583
0.26940223574638367
0.22203274071216583
0.1792580932378769
0.1760234385728836
0.1760234385728836
0.015292879194021225
6.150209810584784e-05
0.10997966676950455
0.16189225018024445
0.1402178704738617
0.06540895253419876
0.0036034793592989445
0.0007279562996700406
0.0007279562996700406
0.00010286610631737858
0.010258755646646023
0.012651104480028152
0.038331884890794754
0.012651104480028152
0.012651104480028152
0.038331884890794754
0.012651104480028152
0.010258755646646023
0.012651104480028152
0.012651104480028152
0.0004917918122373521
7.213024133534418e-08
5.569977656705305e-05
2.151918465642666e-07
0.003712558653205633
