0.5040803551673889
0.9476616382598877
0.6513186693191528
0.35746482014656067
0.8557397127151489
0.6323816180229187
0.9136450290679932
0.8416742086410522
0.7102917432785034
0.1531725823879242
0.6821449398994446
0.8814053535461426
0.9581536054611206
0.86354660987854
0.9845095872879028
0.9707151651382446
0.554230272769928
0.5041728615760803
0.7187488079071045
0.5673591494560242
0.4084651470184326
0.38908037543296814
0.509768009185791
0.9780908226966858
0.8897168636322021
0.9958542585372925
0.5911095142364502
0.9675920605659485
0.5967959761619568
0.8153148889541626
0.7540066242218018
0.37712669372558594
0.09900875389575958
0.2111009955406189
0.5283015966415405
0.2111009955406189
0.2596886157989502
0.5294249653816223
0.615308403968811
0.5767500400543213
0.988345742225647
0.6513186693191528
0.4904446303844452
0.5538628697395325
0.22565650939941406
0.5641008615493774
0.4786849021911621
0.8132797479629517
0.624616801738739
0.8558341264724731
0.38763120770454407
0.7124966382980347
0.9479889273643494
0.540294349193573
0.8984969258308411
0.9585613012313843
0.9735650420188904
0.8984969258308411
0.4986676573753357
0.8439772129058838
0.9024437069892883
0.8720784187316895
0.9986950159072876
0.5641418695449829
0.9013186693191528
0.13672325015068054
0.9888640642166138
0.5268285274505615
0.5268285274505615
0.32114341855049133
0.32114341855049133
0.91668301820755
0.8397325277328491
0.9532701969146729
0.5268285274505615
0.5849285125732422
0.7081863284111023
0.7710163593292236
0.8558104038238525
0.9939608573913574
0.5318185687065125
0.9948734045028687
0.5150322914123535
0.32663577795028687
0.300897479057312
0.12289102375507355
0.3369287848472595
0.5467079281806946
0.00128854566719383
0.816349983215332
0.770438551902771
0.5792925953865051
0.5097453594207764
0.28531792759895325
0.9625130891799927
0.9625130891799927
0.9625130891799927
0.2761569619178772
0.2761569619178772
0.7629452347755432
0.5982965230941772
0.5048518180847168
0.7117680311203003
0.5596919059753418
0.5111753940582275
0.4628414511680603
0.730263352394104
0.6698074340820312
0.19873914122581482
0.4845690429210663
0.62540602684021
0.8591687679290771
0.9122439026832581
0.8206781148910522
0.48560991883277893
0.49440357089042664
0.6154307126998901
0.8406723737716675
0.1469474583864212
0.7983508110046387
0.3554571270942688
0.6463581323623657
0.4152233600616455
0.452698290348053
0.5324884653091431
0.6872463226318359
0.9850447177886963
0.08125947415828705
0.812790036201477
0.046836163848638535
0.5604210495948792
0.213782399892807
0.5685763955116272
0.889188289642334
0.8192169666290283
0.9926160573959351
0.38074952363967896
0.75267493724823
0.5841597318649292
0.5735733509063721
0.5399430394172668
0.02204480580985546
0.8197853565216064
0.11399364471435547
0.2759948968887329
0.9969888925552368
0.22279717028141022
0.12917758524417877
0.7219593524932861
0.6364095211029053
0.7024046182632446
0.8642501831054688
0.8259330987930298
0.9349197745323181
0.7551560401916504
0.7817174196243286
0.7591906785964966
0.5797330141067505
0.5106841325759888
0.9633980393409729
0.9285827279090881
0.6378482580184937
0.7891907691955566
0.9955540895462036
0.19449876248836517
0.18331030011177063
0.2811233401298523
0.02862071990966797
0.8463001251220703
0.48498982191085815
0.8159129619598389
0.18776684999465942
0.10783316195011139
0.06080054119229317
0.7976943254470825
0.9362072348594666
0.9030628204345703
0.8497703075408936
0.9210411310195923
0.7964410781860352
