0.9999172687530518
0.7685106992721558
0.6187805533409119
0.4188278019428253
0.9866384267807007
0.9045124053955078
0.9902412295341492
0.9952486753463745
0.26980942487716675
0.9822842478752136
0.5119292736053467
0.7224679589271545
0.6997432112693787
0.5620624423027039
0.9943872690200806
0.9996634721755981
0.5129873156547546
0.999994158744812
0.5568380355834961
0.983302652835846
0.27662956714630127
0.449186772108078
0.8172523975372314
0.9959131479263306
0.9991536140441895
0.9999974966049194
0.6649889349937439
0.9998503923416138
0.34259751439094543
1.0
0.8167436718940735
0.28210747241973877
0.19010117650032043
0.24268710613250732
0.8775402903556824
0.24268710613250732
0.4472600817680359
0.8023179769515991
0.9564394950866699
0.9999758005142212
0.9992893934249878
0.6124038696289062
0.5377540588378906
0.3613460958003998
0.5795348882675171
0.7905781865119934
0.8936542868614197
0.9923495054244995
0.8237290978431702
0.8764328956604004
0.9959744215011597
0.9939616918563843
0.7199382781982422
0.8108888268470764
0.9999974966049194
0.9994779825210571
0.9999485015869141
0.9999908804893494
0.9969630837440491
0.38042953610420227
0.9962204694747925
0.9982240200042725
0.9989987015724182
0.877962589263916
0.9981597661972046
0.49314409494400024
0.9997656345367432
0.8476391434669495
0.8476391434669495
0.7720954418182373
0.9272924661636353
0.938492476940155
0.6240425109863281
0.9958321452140808
0.8697259426116943
0.9999954700469971
0.7298024892807007
0.45472145080566406
0.9342197179794312
0.99901282787323
0.8521454334259033
0.9999620914459229
0.9998066425323486
0.9068596363067627
0.0365210585296154
0.3830502927303314
0.11124371737241745
0.7104212045669556
0.503298819065094
0.9999964237213135
0.5549602508544922
0.9979920387268066
0.0444461926817894
0.9218702912330627
0.9987928867340088
0.9987928867340088
0.9986086487770081
0.997488796710968
0.997488796710968
0.5766476988792419
0.6200309991836548
0.9999319314956665
0.0019153954926878214
0.9947800636291504
0.2850968539714813
0.5588281154632568
0.9879677295684814
0.9999709129333496
0.4914490282535553
0.9186599850654602
0.9996299147605896
0.9931257963180542
0.9798543453216553
0.555409848690033
0.6951495409011841
0.9999866485595703
0.9085203409194946
0.42246213555336
0.6603602766990662
0.9680758118629456
0.4748348891735077
0.756529688835144
0.4750277101993561
0.5376424193382263
0.9352000951766968
0.9993340969085693
0.9999662637710571
0.8637485504150391
0.23301920294761658
0.9848564863204956
0.49480414390563965
0.8500624895095825
0.7007755637168884
0.928510308265686
0.9209309220314026
0.9999315738677979
0.45237165689468384
0.9526467323303223
0.7687525749206543
0.8513131141662598
0.5149335265159607
0.007801278959959745
0.9682662487030029
0.9490072727203369
0.974276602268219
0.9999595880508423
0.9983584880828857
0.9109253883361816
0.710986852645874
0.9985172152519226
0.8854444026947021
0.6223781108856201
0.9604053497314453
0.9945021867752075
0.9597263336181641
0.9562199115753174
0.9681104421615601
0.998878002166748
0.5469852685928345
0.9558226466178894
0.6816068291664124
0.9558353424072266
0.999347448348999
0.9697255492210388
0.25776636600494385
0.13275247812271118
0.8452939987182617
0.036695800721645355
0.7081468105316162
0.905100405216217
0.9995510578155518
0.9418141841888428
0.9201213121414185
0.566302478313446
0.28477638959884644
0.9513131380081177
0.9938246011734009
0.9921464920043945
0.9950636029243469
0.9976651668548584
