0.9999983310699463
0.9948235154151917
0.9999997615814209
1.0
0.9999866485595703
1.0
1.0
0.9997655749320984
0.9997785091400146
0.7058147192001343
0.9613182544708252
0.9589446783065796
0.6046550869941711
0.7697368860244751
0.9903368949890137
0.9998049139976501
0.979242742061615
0.9958341121673584
0.9999961853027344
0.9999440908432007
0.36308619379997253
0.47097352147102356
0.5796182155609131
0.9950741529464722
0.9999994039535522
0.9999998211860657
0.992577314376831
1.0
0.9999970197677612
1.0
0.999885082244873
0.7382690906524658
0.9993930459022522
0.999992847442627
0.9999988079071045
0.999946653842926
0.8776915073394775
0.7314637899398804
0.8976566195487976
1.0
1.0
1.0
0.9999991655349731
0.9790780544281006
0.8297479748725891
0.9663709402084351
0.9984014630317688
0.999946117401123
0.7997820973396301
0.518539309501648
0.9999978542327881
0.9996562004089355
0.9999938607215881
0.9985311031341553
1.0
1.0
1.0
1.0
0.9998249411582947
0.5502492785453796
0.983533501625061
0.999646782875061
0.9999993443489075
0.26751235127449036
0.9995718002319336
0.654695451259613
0.9999992251396179
0.9993672966957092
0.9997422695159912
0.9999827146530151
0.985146164894104
0.9999713897705078
0.784061849117279
0.9997093677520752
0.9719008207321167
0.4291677176952362
0.9982668161392212
1.0
1.0
0.9999976754188538
0.7672580480575562
1.0
1.0
0.9968981742858887
0.9927232265472412
0.9994688034057617
0.9384344816207886
0.9846235513687134
1.0
0.9999996423721313
0.4566945433616638
0.9999961853027344
0.4101454019546509
0.8330329656600952
0.9769518375396729
0.9796983003616333
0.9816444516181946
0.999998927116394
0.999998927116394
0.21056656539440155
0.9968575239181519
0.9999899864196777
0.5701617002487183
0.9924272298812866
0.8982827663421631
0.9998490810394287
0.9767136573791504
0.9250133037567139
0.9832127094268799
0.9998888969421387
0.9998255968093872
0.9999087452888489
0.9999996423721313
0.9999967813491821
0.9996234178543091
1.0
1.0
0.9971233010292053
0.9970883131027222
0.9980179667472839
0.9992736577987671
0.9999983906745911
0.3999086916446686
0.57720947265625
0.9998646974563599
0.9999908208847046
0.9999995231628418
0.999803364276886
0.99745774269104
0.962369441986084
1.0
0.9999529719352722
0.9999997615814209
0.9999298453330994
0.9999775886535645
1.0
0.9999977946281433
0.9996594786643982
0.8576831817626953
0.8575057983398438
0.71739661693573
0.8275086879730225
0.999975860118866
0.9999550580978394
0.9987770318984985
0.999993622303009
0.9999735355377197
0.5435620546340942
0.9999357461929321
0.9924374222755432
0.9999998807907104
0.9992358088493347
0.9999903440475464
0.9998960494995117
0.9999992847442627
0.9997673034667969
0.9836581945419312
0.9998484253883362
0.9999995827674866
0.9998786449432373
0.999991774559021
0.8765201568603516
0.9998743534088135
1.0
0.5871332883834839
0.78963702917099
0.9995191097259521
0.678183913230896
0.8917425870895386
0.9678807258605957
0.9937061071395874
0.9999994039535522
0.9945976734161377
0.9999759197235107
0.8451831936836243
0.9998304843902588
0.9999997615814209
0.9999252557754517
0.9999992251396179
0.9999927878379822
