0.9997568130493164
0.8182930946350098
0.8406890630722046
0.9953317642211914
0.9997709393501282
0.9998348951339722
0.9962966442108154
0.9998643398284912
0.5131755471229553
0.9977877140045166
0.9783890247344971
0.6361514329910278
0.9864017963409424
0.9569515585899353
0.9999984502792358
0.9898294806480408
0.6603189706802368
0.8313162922859192
0.9572780132293701
0.9418491125106812
0.41195133328437805
0.05203188210725784
0.003562466474249959
0.9947171211242676
0.9992060661315918
1.0
0.9902621507644653
0.9999997019767761
0.9629933834075928
1.0
0.8531564474105835
0.1971462368965149
0.9995543956756592
0.8768036365509033
0.9999990463256836
0.8768036365509033
0.4611067771911621
0.17260447144508362
0.4877680540084839
1.0
1.0
0.9907289743423462
0.9984291195869446
0.9970370531082153
0.4995215833187103
0.9814194440841675
0.9979539513587952
0.9990198612213135
0.8829255104064941
0.6259180307388306
0.9954314827919006
0.9999977350234985
0.9996098279953003
0.984164834022522
1.0
1.0
1.0
1.0
0.9844780564308167
0.3079001307487488
0.9661020040512085
0.9993540048599243
0.9999940991401672
0.057103030383586884
0.9915348291397095
0.23411409556865692
0.9825282096862793
0.9873552322387695
0.9873552322387695
0.999954342842102
0.965113639831543
0.99980628490448
0.24418069422245026
0.9999210238456726
0.9939467906951904
0.9999628067016602
0.5129004120826721
0.9983944296836853
0.9999685287475586
0.8928146362304688
0.29572853446006775
0.9984704256057739
0.9803857803344727
0.9804539680480957
0.9540811777114868
0.8930708169937134
0.9995208978652954
0.9994140863418579
0.9980974197387695
0.9992204904556274
0.7105364799499512
0.9999971389770508
0.04111655056476593
0.48647695779800415
0.9956040382385254
0.9956040382385254
0.9979488849639893
0.9999997615814209
0.9999997615814209
0.03584500029683113
0.9983566999435425
0.9999997019767761
0.24181967973709106
0.9995304942131042
0.04178648814558983
0.9993245601654053
0.9895113110542297
0.9996770620346069
0.9613687992095947
0.47531306743621826
0.9978965520858765
0.8223512172698975
0.9994988441467285
0.5476180911064148
0.9972376823425293
1.0
0.9998441934585571
0.9998383522033691
0.9988090991973877
0.9999539852142334
0.5475453734397888
0.9836472868919373
0.45653292536735535
0.11811692267656326
1.0
0.9999551773071289
0.9999540448188782
0.9539781808853149
0.8756887912750244
0.9995775818824768
0.9960671663284302
0.9894815683364868
0.9997043609619141
0.9997669458389282
0.9994790554046631
1.0
0.9983822703361511
0.588902473449707
0.569213330745697
0.8499693274497986
0.5814802646636963
0.027803393080830574
0.9366248846054077
0.9999929070472717
0.9999932050704956
1.0
0.8662353754043579
0.005339113995432854
0.9932683110237122
0.5522266030311584
0.9997655153274536
0.5407326817512512
0.9999475479125977
0.9922734498977661
0.9842466115951538
0.9999935626983643
0.4424382448196411
0.9839602708816528
0.9107378721237183
0.9999915361404419
0.9999982118606567
0.5505688190460205
0.9999998211860657
0.9999997615814209
0.2823787033557892
0.5458356142044067
0.9991664886474609
0.182474285364151
0.1791568100452423
1.0
0.9964619874954224
0.9991940855979919
0.01816580630838871
0.9562621712684631
0.38414186239242554
0.9999975562095642
0.9677102565765381
0.9978817701339722
0.9988833665847778
0.9999997615814209
