1.3219512766227126e-05
0.010973461903631687
1.3219512766227126e-05
1.3219512766227126e-05
1.3219512766227126e-05
0.15427491068840027
1.3219512766227126e-05
1.3219512766227126e-05
1.3219512766227126e-05
1.3219512766227126e-05
1.3219512766227126e-05
1.3219512766227126e-05
2.9898151865381806e-07
0.48027169704437256
1.3219512766227126e-05
1.3219512766227126e-05
1.3219512766227126e-05
1.3219512766227126e-05
0.20874622464179993
1.3219512766227126e-05
1.3219512766227126e-05
1.3219512766227126e-05
1.3219512766227126e-05
1.3219512766227126e-05
0.000659545767121017
0.3807702362537384
0.07786966115236282
0.6428637504577637
0.37732255458831787
0.06659387052059174
0.5274165272712708
0.21115519106388092
0.18229074776172638
0.5304052829742432
0.13877733051776886
0.13272109627723694
0.21140950918197632
0.21115519106388092
0.5274165272712708
0.20724575221538544
0.17888352274894714
0.5304052829742432
0.1677333414554596
0.2149139642715454
0.17888352274894714
0.4762185513973236
0.1273067146539688
0.5304052829742432
0.5304052829742432
0.4762185513973236
0.4768301844596863
0.4762185513973236
0.5274165272712708
0.17888352274894714
0.17888352274894714
0.4768301844596863
0.5304052829742432
0.4762185513973236
0.5304052829742432
0.058603059500455856
0.4762185513973236
0.5274165272712708
0.0867670327425003
0.35541585087776184
0.4762185513973236
0.5304052829742432
0.5304052829742432
0.4762185513973236
0.5304052829742432
0.10195931792259216
0.21115519106388092
0.17888352274894714
0.5304052829742432
0.11114229261875153
0.17888352274894714
0.17888352274894714
0.5274165272712708
0.4762185513973236
0.4762185513973236
0.4762185513973236
0.5304052829742432
0.17888352274894714
0.35541585087776184
0.35541585087776184
0.35541585087776184
0.5304052829742432
0.5304052829742432
0.4762185513973236
0.18229074776172638
0.2111702710390091
0.5304052829742432
0.13272109627723694
0.15225668251514435
0.35541585087776184
0.5304052829742432
0.21023136377334595
0.5274165272712708
0.05921052396297455
0.47758597135543823
0.4762185513973236
0.12694403529167175
0.17888352274894714
0.1542237251996994
0.17888352274894714
0.4762185513973236
0.1542237251996994
0.0007804040214978158
0.4651755392551422
0.4419354796409607
0.4419354796409607
0.4419354796409607
0.5304052829742432
0.17888352274894714
0.11502375453710556
0.11114229261875153
0.11502375453710556
0.1401975005865097
0.24657174944877625
0.5274165272712708
0.5304052829742432
0.4419354796409607
0.4419354796409607
0.11502375453710556
0.0601140595972538
0.16862308979034424
0.4419354796409607
0.4762185513973236
0.17888352274894714
0.4762185513973236
0.5274165272712708
0.5304052829742432
0.4067865014076233
0.4762185513973236
0.15467962622642517
0.15467962622642517
0.15467962622642517
0.15467962622642517
0.15467962622642517
0.15467962622642517
0.15467962622642517
0.15467962622642517
0.15467962622642517
0.15467962622642517
0.15467962622642517
0.15467962622642517
0.15467962622642517
0.15467962622642517
0.15467962622642517
0.15467962622642517
0.15467962622642517
0.28917065262794495
0.00020515630603767931
0.5093303918838501
0.5341213941574097
0.4651755392551422
0.3963954746723175
0.4651755392551422
0.34784916043281555
0.49750816822052
0.49750816822052
0.3400731682777405
0.17434149980545044
0.20390106737613678
0.17344504594802856
0.17344504594802856
0.1545724868774414
0.5274165272712708
0.5129224061965942
0.5129224061965942
0.1542237251996994
0.2606393098831177
0.2606393098831177
0.2606393098831177
0.2606393098831177
0.2606393098831177
0.2606393098831177
0.2606393098831177
0.2606393098831177
0.2606393098831177
0.2606393098831177
0.15686112642288208
4.099540547031211e-07
0.0014370126882568002
0.5079996585845947
0.000246045965468511
