0.00010507676779525355
0.2446657121181488
0.00010507676779525355
0.00010507676779525355
0.00010507676779525355
0.04810148850083351
0.00010507676779525355
0.00010507676779525355
0.00010507676779525355
0.00010507676779525355
0.00010507676779525355
0.00010507676779525355
4.626739666946378e-07
0.1433940976858139
0.00010507676779525355
0.00010507676779525355
0.00010507676779525355
0.00010507676779525355
0.3310670554637909
0.00010507676779525355
0.00010507676779525355
0.00010507676779525355
0.00010507676779525355
0.00010507676779525355
0.008991312235593796
0.2725752890110016
0.02934977225959301
0.2616799473762512
0.0024299779906868935
0.0315411277115345
0.9549976587295532
0.41497141122817993
0.8852421045303345
0.9716493487358093
0.7389727830886841
0.45350581407546997
0.07027626037597656
0.3274998664855957
0.9549976587295532
0.041544556617736816
0.03857860714197159
0.9642637968063354
0.41486990451812744
0.30918237566947937
0.03857860714197159
0.9330017566680908
0.32246309518814087
0.9642637968063354
0.9642637968063354
0.9330017566680908
0.48408204317092896
0.9330017566680908
0.9549976587295532
0.06904331594705582
0.13021133840084076
0.48408204317092896
0.9642637968063354
0.9330017566680908
0.9642637968063354
0.3696317672729492
0.9330017566680908
0.9549976587295532
0.02444857358932495
0.4596112370491028
0.9330017566680908
0.955906867980957
0.9642637968063354
0.9330017566680908
0.9642637968063354
0.22184281051158905
0.3268372714519501
0.06534749269485474
0.9716493487358093
0.08780116587877274
0.03857860714197159
0.04216489940881729
0.9549976587295532
0.9330017566680908
0.9330017566680908
0.9389611482620239
0.9642637968063354
0.11967110633850098
0.4596112370491028
0.4596112370491028
0.4596112370491028
0.955906867980957
0.9642637968063354
0.9389611482620239
0.7553918361663818
0.32383859157562256
0.9642637968063354
0.4257895350456238
0.45781856775283813
0.4596112370491028
0.955906867980957
0.36573636531829834
0.9549976587295532
0.30973583459854126
0.9639544486999512
0.9389611482620239
0.3925248384475708
0.13021133840084076
0.1289927214384079
0.03569241985678673
0.8987683653831482
0.08714219182729721
7.634376743226312e-06
0.5794926285743713
0.3187582492828369
0.3187582492828369
0.3187582492828369
0.9642637968063354
0.06904331594705582
0.08261610567569733
0.08780116587877274
0.08261610567569733
0.20992058515548706
0.4533885419368744
0.9549976587295532
0.9716493487358093
0.3187582492828369
0.3187582492828369
0.07192369550466537
0.13004644215106964
0.15662193298339844
0.3187582492828369
0.9330017566680908
0.06095859408378601
0.9330017566680908
0.9549976587295532
0.9642637968063354
0.16001367568969727
0.9330017566680908
0.33295938372612
0.33295938372612
0.33295938372612
0.33295938372612
0.33295938372612
0.33295938372612
0.33295938372612
0.33295938372612
0.33295938372612
0.33295938372612
0.33295938372612
0.33295938372612
0.33295938372612
0.33295938372612
0.33295938372612
0.33295938372612
0.33295938372612
0.3485426604747772
0.03833388164639473
0.5959014892578125
0.7020947933197021
0.5794926285743713
0.5816821455955505
0.5794926285743713
0.6382899880409241
0.5249838829040527
0.5249838829040527
0.41532522439956665
0.4991914629936218
0.658225417137146
0.7239528894424438
0.7239528894424438
0.026846326887607574
0.9549976587295532
0.036574624478816986
0.036574624478816986
0.08714219182729721
0.004225053358823061
0.004173574037849903
0.0038091319147497416
0.004173574037849903
0.004173574037849903
0.0038091319147497416
0.004173574037849903
0.004225053358823061
0.004173574037849903
0.004173574037849903
0.5884876251220703
0.0005185158806852996
0.43501338362693787
0.009691000916063786
0.03762754425406456
