0.42524051666259766
0.005025388672947884
0.42524051666259766
0.42524051666259766
0.42524051666259766
0.3444089889526367
0.42524051666259766
0.42524051666259766
0.42524051666259766
0.42524051666259766
0.42524051666259766
0.42524051666259766
4.89352059958037e-05
0.7829533815383911
0.42524051666259766
0.42524051666259766
0.42524051666259766
0.42524051666259766
0.7827574610710144
0.42524051666259766
0.42524051666259766
0.42524051666259766
0.42524051666259766
0.42524051666259766
0.10536238551139832
0.4774913787841797
0.1316009759902954
0.5392091274261475
0.9509217739105225
0.3369504511356354
0.9446696639060974
0.2368546575307846
0.26298850774765015
0.9187142848968506
0.4256294369697571
0.3045879304409027
0.0974382683634758
0.2368546575307846
0.9446696639060974
0.29893308877944946
0.5098214149475098
0.9187142848968506
0.2368546575307846
0.1935058832168579
0.5098214149475098
0.9446696639060974
0.16034850478172302
0.9187142848968506
0.9187142848968506
0.9446696639060974
0.2596970498561859
0.9446696639060974
0.9446696639060974
0.5098214149475098
0.5098214149475098
0.2596970498561859
0.9187142848968506
0.9446696639060974
0.9187142848968506
0.22862271964550018
0.9446696639060974
0.9446696639060974
0.3119683563709259
0.2596970498561859
0.9446696639060974
0.9187142848968506
0.9187142848968506
0.9446696639060974
0.9187142848968506
0.2658536434173584
0.2368546575307846
0.5098214149475098
0.9187142848968506
0.4616614878177643
0.5098214149475098
0.5098214149475098
0.9446696639060974
0.9446696639060974
0.9446696639060974
0.9446696639060974
0.9187142848968506
0.5098214149475098
0.2596970498561859
0.2596970498561859
0.2596970498561859
0.9187142848968506
0.9187142848968506
0.9446696639060974
0.26298850774765015
0.17193686962127686
0.9187142848968506
0.3045879304409027
0.1843699812889099
0.2596970498561859
0.9187142848968506
0.3335581123828888
0.9446696639060974
0.22862271964550018
0.8558266162872314
0.9446696639060974
0.16034850478172302
0.5098214149475098
0.27934300899505615
0.5098214149475098
0.9446696639060974
0.27934300899505615
0.4925536513328552
0.7813798785209656
0.5180273056030273
0.5180273056030273
0.5180273056030273
0.9187142848968506
0.5098214149475098
0.4616614878177643
0.4616614878177643
0.4616614878177643
0.146998330950737
0.2579077482223511
0.9446696639060974
0.9187142848968506
0.5180273056030273
0.5180273056030273
0.4616614878177643
0.16770039498806
0.10676553845405579
0.5180273056030273
0.9446696639060974
0.5098214149475098
0.9446696639060974
0.9446696639060974
0.9187142848968506
0.3773452639579773
0.9446696639060974
0.33787792921066284
0.33787792921066284
0.33787792921066284
0.33787792921066284
0.33787792921066284
0.33787792921066284
0.33787792921066284
0.33787792921066284
0.33787792921066284
0.33787792921066284
0.33787792921066284
0.33787792921066284
0.33787792921066284
0.33787792921066284
0.33787792921066284
0.33787792921066284
0.33787792921066284
0.1306067854166031
0.04651398956775665
0.7813798785209656
0.7813798785209656
0.7813798785209656
0.7813798785209656
0.7813798785209656
0.7813798785209656
0.7813798785209656
0.7813798785209656
0.6094861030578613
0.5792757272720337
0.3762211799621582
0.3443468511104584
0.3443468511104584
0.2788327932357788
0.9446696639060974
0.36646419763565063
0.36646419763565063
0.27934300899505615
0.22780463099479675
0.22780463099479675
0.22780463099479675
0.22780463099479675
0.22780463099479675
0.22780463099479675
0.22780463099479675
0.22780463099479675
0.22780463099479675
0.22780463099479675
0.47291672229766846
0.00028921026387251914
0.013586461544036865
0.006563178263604641
0.2534155249595642
