0.0007547212298959494
0.061272162944078445
0.0007529389695264399
0.0007529389695264399
0.0007547212298959494
0.01597989723086357
0.0007547212298959494
0.0006921319290995598
0.0007547212298959494
0.0006501497118733823
0.0006501497118733823
0.0007529389695264399
0.011932119727134705
0.0005312407738529146
0.0007529389695264399
0.0007529389695264399
0.0007529389695264399
0.0007529389695264399
0.017995979636907578
0.0006501497118733823
0.0006501497118733823
0.0006501497118733823
0.0007529389695264399
0.0007529389695264399
0.002842092886567116
0.022753890603780746
0.0015502653550356627
0.009040944278240204
0.0513189435005188
0.00040964671643450856
0.004952732473611832
0.017414534464478493
0.12184709310531616
0.001571459462866187
0.10475073009729385
0.06506373733282089
0.008085222914814949
0.01538887806236744
0.004952732473611832
0.019963329657912254
0.00015654524031560868
0.004510487429797649
0.04411555081605911
0.03354581817984581
0.00012567255180329084
0.002726128790527582
0.028475355356931686
0.002042461186647415
0.0013941582292318344
0.0018982297042384744
0.0026697786524891853
0.0016187999863177538
0.004952732473611832
0.0019194992491975427
0.0016994832549244165
0.00267635565251112
0.0013941582292318344
0.0016187999863177538
0.0019240592373535037
0.030255954712629318
0.0016187999863177538
0.004952732473611832
0.024496279656887054
0.00251529342494905
0.0016187999863177538
0.008524579927325249
0.0013941582292318344
0.0033893834333866835
0.0013941582292318344
0.0007531295414082706
0.027774587273597717
0.0014248808147385716
0.001571459462866187
0.006956716999411583
0.00015626268577761948
0.0006972934934310615
0.004952732473611832
0.0033893834333866835
0.0016081806970760226
0.004459835588932037
0.0013941582292318344
0.0024311949964612722
0.00251529342494905
0.00251529342494905
0.00251529342494905
0.008524579927325249
0.0021709345746785402
0.004459835588932037
0.07131873816251755
0.015392600558698177
0.0012003923766314983
0.13512954115867615
0.03044724091887474
0.00251529342494905
0.007017011754214764
0.005892656743526459
0.004952732473611832
0.01818748004734516
0.002042461186647415
0.009949161671102047
0.046143896877765656
0.0016994832549244165
0.0011626215418800712
0.0004524564719758928
0.009407076984643936
0.0006374285439960659
0.00019791125669144094
0.14488717913627625
0.006215160712599754
0.006215160712599754
0.006215160712599754
0.0016930592246353626
0.0011459806701168418
0.0061145662330091
0.013762492686510086
0.0061145662330091
0.004092102404683828
0.007483704015612602
0.003740672254934907
0.001571459462866187
0.004279516637325287
0.006215160712599754
0.005155397113412619
0.002652590163052082
0.0009355317451991141
0.006215160712599754
0.0016187999863177538
0.0003499602898955345
0.001800341415219009
0.003740672254934907
0.0017579272389411926
0.0004469080304261297
0.0016187999863177538
0.003790630493313074
0.003790630493313074
0.003790630493313074
0.003790630493313074
0.003790630493313074
0.003790630493313074
0.003790630493313074
0.003790630493313074
0.003790630493313074
0.003790630493313074
0.003790630493313074
0.003790630493313074
0.003790630493313074
0.003790630493313074
0.003790630493313074
0.003790630493313074
0.003790630493313074
0.00019580245134420693
0.0018090950325131416
0.08868375420570374
0.08924882858991623
0.35458698868751526
0.15353068709373474
0.35458698868751526
0.12689903378486633
0.13966619968414307
0.13966619968414307
0.15566740930080414
0.10350490361452103
0.058814674615859985
0.0921969935297966
0.09379842877388
0.0991102010011673
0.003740672254934907
0.008530577644705772
0.010101861320436
0.0006374285439960659
0.5800118446350098
0.4076831340789795
0.65372234582901
0.4107576310634613
0.40382111072540283
0.65372234582901
0.4076831340789795
0.5584830641746521
0.4490496814250946
0.4076831340789795
0.0015468171332031488
0.000274956866633147
5.131936995894648e-05
7.493013072235044e-07
0.006509630009531975
