0.9539523720741272
0.18250830471515656
0.20457056164741516
0.5932343006134033
0.9221217632293701
0.7969969511032104
0.9867798089981079
0.9500752091407776
0.33685141801834106
0.8117145299911499
0.36019760370254517
0.5069347023963928
0.7822832465171814
0.802562952041626
0.8942688703536987
0.9998816251754761
0.48071056604385376
0.8607898950576782
0.3103335201740265
0.9885032176971436
0.16476507484912872
0.42348822951316833
0.4903826415538788
0.8122190833091736
0.9870407581329346
0.9999966621398926
0.030617795884609222
0.986761748790741
0.0850512683391571
0.9999457001686096
0.5318847298622131
0.09770452231168747
0.5992932915687561
0.4337332844734192
0.4976138770580292
0.4337332844734192
0.6015136241912842
0.35435718297958374
0.7656465768814087
0.9942595958709717
0.9812129735946655
0.20457056164741516
0.538933277130127
0.33361196517944336
0.6347730159759521
0.5446654558181763
0.36946699023246765
0.9003888368606567
0.9295402765274048
0.5581094026565552
0.4824359714984894
0.8336139917373657
0.972506046295166
0.9534443616867065
0.9981656670570374
0.6867705583572388
0.5605552792549133
0.932963490486145
0.5488452315330505
0.16986891627311707
0.9728227853775024
0.7732189893722534
0.9974141716957092
0.7703738212585449
0.5086963176727295
0.2320316880941391
0.9968883991241455
0.8420413732528687
0.8420413732528687
0.18984846770763397
0.21929040551185608
0.9625978469848633
0.20304304361343384
0.9629180431365967
0.8009488582611084
0.3994986116886139
0.4921358525753021
0.1380966156721115
0.9677298069000244
0.9984490871429443
0.543815016746521
0.9991852045059204
0.9777409434318542
0.9374165534973145
0.007479208055883646
0.034124985337257385
0.04067159444093704
0.3316817283630371
0.10363893210887909
0.9842396974563599
0.693656861782074
0.9947237968444824
0.47157421708106995
0.5270123481750488
0.9592955112457275
0.9592955112457275
0.9592955112457275
0.6403127908706665
0.6403127908706665
0.3147507905960083
0.21403087675571442
0.9994065761566162
0.010321976616978645
0.9460340738296509
0.7512290477752686
0.9724422693252563
0.9932687282562256
0.9971944093704224
0.0278688445687294
0.4289240539073944
0.8474527597427368
0.9992703199386597
0.9997327327728271
0.9648363590240479
0.3722248673439026
0.9892626404762268
0.7627233266830444
0.7298371195793152
0.06987114250659943
0.6807371377944946
0.2597845494747162
0.7938539385795593
0.18949252367019653
0.19415660202503204
0.9424564242362976
0.9995356798171997
0.9689942598342896
0.1644970327615738
0.8940433263778687
0.10813213139772415
0.4631204605102539
0.18428447842597961
0.7821931838989258
0.8794326782226562
0.9828842878341675
0.9794609546661377
0.5265978574752808
0.8013399839401245
0.9206607341766357
0.9046573638916016
0.8748592734336853
0.0018344781128689647
0.025258507579565048
0.7604193687438965
0.20229566097259521
0.9991517066955566
0.41641995310783386
0.5253830552101135
0.6757862567901611
0.15578879415988922
0.5535135865211487
0.37763190269470215
0.9645217657089233
0.6366297602653503
0.7360249757766724
0.9876412749290466
0.455556720495224
0.38099420070648193
0.8375091552734375
0.9765197038650513
0.7836939096450806
0.6821000576019287
0.9611853957176208
0.99921715259552
0.4018390476703644
0.09198104590177536
0.1360832154750824
0.28743836283683777
0.5094748735427856
0.8066035509109497
0.8947107791900635
0.709274172782898
0.9968185424804688
0.588229775428772
0.3256773054599762
0.9911827445030212
0.9721662402153015
0.9791314005851746
0.9859648942947388
0.9889029264450073
